player:
  islandX: 128
  islandY: 150
  islandZ: -128
  homeX: 130
  homeY: 150
  homeZ: -133
  homeYaw: 183.53537
  homePitch: 18.10586
  uuid: 13e808b0-8974-4f78-bb36-817e476862b4
  displayName: 3Nyang
version: 1
