spawns: 
  default: 
    world: world
    x: 12.95223958450081
    y: 123.0
    z: -2.618754584990567
    yaw: 113.445435
    pitch: 19.949978
