lastAccountName: 3Nyang
timestamps:
  login: 1579530801415
  logout: 1579535679741
  lastteleport: 1565701434057
ipAddress: 127.0.0.1
logoutlocation:
  world: world
  x: 847.545806872137
  y: 182.56546060303947
  z: 78.16713557336841
  yaw: -323.66406
  pitch: 15.119128
lastlocation:
  world: world
  x: 419.38165873269287
  y: 148.56062034242495
  z: 93.78679721687145
  yaw: 203.48615
  pitch: -12.413623
afk: false
